0 0.105910191847011 0.196368635072473
0 0.0955392374601215 0.229602118554885
0 0.104598874933086 0.285909256185513
0 0.103721000654623 0.2446997417008
0 0.103862214139663 0.243749802957917
0 0.104016431949101 0.288885497213619
0 0.102792786646634 0.257434889535962
0 0.105796528291889 0.226987986869498
0 0.101670454991981 0.242536902896597
0 0.101929055611603 0.246011275463484
0 0.100340312535875 0.284718825857342
0 0.0978099258579314 0.23237570823165
0 0.103214265629649 0.279180485489695
0 0.100315701910295 0.239830628506183
0 0.10278762261197 0.2445541273431
0 0.0976919888872653 0.27161728768453
0 0.0988500790148974 0.330288107354887
0 0.0964528293441981 0.25878500520958
0 0.105827597059309 0.246240416179466
0 0.100795729084872 0.199546035942882
0 0.0973645017417148 0.241197395557866
0 0.0962206686781719 0.271942332112511
0 0.103096736754291 0.305452763244948
0 0.100801375375129 0.286152938730869
0 0.105186082853004 0.279779890982048
0 0.101664319796488 0.147197828370924
0 0.102408977612853 0.171743904065447
0 0.0997506696227938 0.17290793607931
0 0.104203742995858 0.169028125307952
0 0.099067968104966 0.165044130482353
0 0.0943767054770142 0.173183212191329
0 0.0970977597795427 0.154760370914798
0 0.0980181368170306 0.153901690533371
0 0.09560259602312 0.1343322079403
0 0.0999945566244423 0.151181482901652
0 0.103625627594069 0.164166668933414
0 0.0980458389176056 0.18079199693905
0 0.100107047383674 0.158327537576867
0 0.0999332627421245 0.158945595875251
0 0.103564634848386 0.177906434318737
0 0.100803506745026 0.177173189216271
0 0.095280361816287 0.160862382656328
0 0.103691781342961 0.148865477416979
0 0.100805344851688 0.154879448888284
0 0.0965468911342323 0.136713812699383
0 0.102994951057248 0.168090725414498
0 0.0976866202000529 0.193063692581302
0 0.0998742213202641 0.173262312159107
0 0.10587651871331 0.180497910797932
0 0.099089310137555 0.159247040043821
